0.00031062216514559515               ,
0.00033898501033678734               ,
0.00037372117837775585               ,
0.00041602505134190576               ,
0.00046708532433044212               ,
0.00052807543899141194               ,
0.00060014395682164636               ,
0.00068440494328325153               ,
0.00078192843442326362               ,
0.0008937310578046307                ,
0.0010207668791342704                ,
0.0011639185450090272                ,
0.0013239887906966441                ,
0.0015016923798342682                ,
0.0016976485403735484                ,
0.0019123739580451473                ,
0.0021462763850765127                ,
0.0023996489178989993                ,
0.0026726649931512756                ,
0.0029653741464565281                ,
0.0032776985732554335                ,
0.0036094305254523551                ,
0.0039602305718187385                ,
0.0043296267440374545                ,
0.0047170145840092059                ,
0.0051216581016233966                ,
0.0055426916456682964                ,
0.0059791226839678432                ,
0.0064298354822339074                ,
0.0068935956645630537                ,
0.0073690556320351094                ,
0.0078547608095361592                ,
0.00834915668477898                  ,
0.0088505965975763413                ,
0.0093573502317823021                ,
0.0098676127569968484                ,
0.010379514562171026                 ,
0.01089113151869181                  ,
0.011400495706403101                 ,
0.011905606532364858                 ,
0.012404442168994141                 ,
0.012894971235595997                 ,
0.013375164645199021                 ,
0.013843007537078289                 ,
0.014296511214389161                 ,
0.014733725005958976                 ,
0.015152747971493357                 ,
0.015551740370250419                 ,
0.015928934814614392                 ,
0.016282647031951883                 ,
0.016611286160645177                 ,
0.016913364509250888                 ,
0.017187506711306644                 ,
0.017432458212378175                 ,
0.01764709303047474                  ,
0.01783042073592905                  ,
0.017981592602203264                 ,
0.018099906884805134                 ,
0.018184813191536638                 ,
0.018235915913607036                 ,
0.018252976693676461                 ,
0.018235915913607036                 ,
0.018184813191536638                 ,
0.018099906884805134                 ,
0.017981592602203264                 ,
0.01783042073592905                  ,
0.01764709303047474                  ,
0.017432458212378175                 ,
0.017187506711306644                 ,
0.016913364509250888                 ,
0.016611286160645177                 ,
0.016282647031951883                 ,
0.015928934814614392                 ,
0.015551740370250419                 ,
0.015152747971493357                 ,
0.014733725005958976                 ,
0.014296511214389161                 ,
0.013843007537078289                 ,
0.013375164645199021                 ,
0.012894971235595997                 ,
0.012404442168994141                 ,
0.011905606532364858                 ,
0.011400495706403101                 ,
0.01089113151869181                  ,
0.010379514562171026                 ,
0.0098676127569968484                ,
0.0093573502317823021                ,
0.0088505965975763413                ,
0.00834915668477898                  ,
0.0078547608095361592                ,
0.0073690556320351094                ,
0.0068935956645630537                ,
0.0064298354822339074                ,
0.0059791226839678432                ,
0.0055426916456682964                ,
0.0051216581016233966                ,
0.0047170145840092059                ,
0.0043296267440374545                ,
0.0039602305718187385                ,
0.0036094305254523551                ,
0.0032776985732554335                ,
0.0029653741464565281                ,
0.0026726649931512756                ,
0.0023996489178989993                ,
0.0021462763850765127                ,
0.0019123739580451473                ,
0.0016976485403735484               , 
0.0015016923798342682              ,  
0.0013239887906966441             ,   
0.0011639185450090272            ,    
0.0010207668791342704           ,     
0.0008937310578046307          ,      
0.00078192843442326362        ,       
0.00068440494328325153       ,        
0.00060014395682164636      ,         
0.00052807543899141194     ,          
0.00046708532433044212    ,           
0.00041602505134190576   ,            
0.00037372117837775585  ,             
0.00033898501033678734 ,              
0.00031062216514559515, 