-0.00071195109250788541             , 
-0.00068061632731062846              ,
-0.00064832512287067452              ,
-0.00061364870632831436              ,
-0.00057484665015341608              ,
-0.00053016887260577683              ,
-0.00047819595209723265              ,
-0.00041819663826507384              ,
-0.00035047908800132899              ,
-0.00027671118324544422              ,
-0.00020018540658238448              ,
-0.00012600520707970733              ,
-0.000061172563826121211             ,
-0.000014560463846274388             ,
 0.0000032408937326683254            ,
-0.000019790619143554529             ,
-0.000096693672260611535             ,
-0.00024098629206392421              ,
-0.0004660221104573334               ,
-0.00078426187227699463              ,
-0.0012064879546325059               ,
-0.001740994601718815                ,
-0.0023927902718118036               ,
-0.0031628506975867258               ,
-0.0040474618053234481               ,
-0.0050376904214005187               ,
-0.0061190176906133478               ,
-0.0072711653950554419               ,
-0.008468139029142438                ,
-0.0096785037664948101               ,
-0.010865900627372709                ,
-0.011989800559156187                ,
-0.013006484160102281                ,
-0.0138702248209297                  ,
-0.014534643554589315                ,
-0.014954195150855646                ,
-0.015085737923856521                ,
-0.014890133570183008                ,
-0.014333819817534644                ,
-0.013390296841612744                ,
-0.012041469001582457                ,
-0.01027878634025995                 ,
-0.0081041354675696065               ,
-0.0055304367530196168               ,
-0.0025819139621878978               ,
 0.00070598673232843132              ,
 0.0042870394406235119               ,
 0.0081050412714460396               ,
 0.012094960378404282                ,
 0.016184401849618727                ,
 0.020295351896429701                ,
 0.024346149953549993                ,
 0.028253629114284168                ,
 0.031935358170564442                ,
 0.035311913713242694                ,
 0.038309108489023157                ,
 0.040860102623753732                ,
 0.042907327420499082                ,
 0.044404157132404455                ,
 0.045316272199896035                ,
 0.045622667639145714                ,
 0.045316272199896035                ,
 0.044404157132404455                ,
 0.042907327420499082                ,
 0.040860102623753732                ,
 0.038309108489023157                ,
 0.035311913713242694                ,
 0.031935358170564442                ,
 0.028253629114284168                ,
 0.024346149953549993                ,
 0.020295351896429701                ,
 0.016184401849618727                ,
 0.012094960378404282                ,
 0.0081050412714460396               ,
 0.0042870394406235119               ,
 0.00070598673232843132              ,
-0.0025819139621878978               ,
-0.0055304367530196168               ,
-0.0081041354675696065               ,
-0.01027878634025995                 ,
-0.012041469001582457                ,
-0.013390296841612744                ,
-0.014333819817534644                ,
-0.014890133570183008                ,
-0.015085737923856521                ,
-0.014954195150855646                ,
-0.014534643554589315                ,
-0.0138702248209297                  ,
-0.013006484160102281                ,
-0.011989800559156187                ,
-0.010865900627372709                ,
-0.0096785037664948101               ,
-0.008468139029142438                ,
-0.0072711653950554419               ,
-0.0061190176906133478               ,
-0.0050376904214005187               ,
-0.0040474618053234481               ,
-0.0031628506975867258               ,
-0.0023927902718118036               ,
-0.001740994601718815                ,
-0.0012064879546325059               ,
-0.00078426187227699463              ,
-0.0004660221104573334               ,
-0.00024098629206392421              ,
-0.000096693672260611535            , 
-0.000019790619143554529             ,
 0.0000032408937326683254          ,  
-0.000014560463846274388          ,   
-0.000061172563826121211         ,    
-0.00012600520707970733         ,     
-0.00020018540658238448        , 
-0.00027671118324544422       ,       
-0.00035047908800132899      ,        
-0.00041819663826507384     ,         
-0.00047819595209723265              ,
-0.00053016887260577683    ,          
-0.00057484665015341608   ,           
-0.00061364870632831436  ,            
-0.00064832512287067452 ,             
-0.00068061632731062846              ,
-0.00071195109250788541,