-0.000069386743827796804             ,
-0.00050303359291331421              ,
-0.00082072860603144319              ,
-0.00056509455569376979              ,
 0.00011625762497102465              ,
 0.00057259780017470047              ,
 0.00038079241114534121              ,
-0.000084011966732336915             ,
 0.0000025353981095629624            ,
 0.00089019459175441974              ,
 0.0017527521569125895               ,
 0.0015144626363544768               ,
 0.00021769389081304581              ,
-0.00079553859022156578              ,
-0.00042209138451513087              ,
 0.00064706324339188599              ,
 0.00049391259457518379              ,
-0.0016209129280959347               ,
-0.0039019428814242715               ,
-0.0038141633229860018               ,
-0.0012715176415715927               ,
 0.000823999069526821                ,
-0.000038526855953368822             ,
-0.0024924418293866689               ,
-0.0024137602064649606               ,
 0.0019695928064128419               ,
 0.0071160250692684042               ,
 0.0077493506422093529               ,
 0.0033840770464425114               ,
-0.0003884575664786642               ,
 0.0015402214858018142               ,
 0.0068130965456940301               ,
 0.0074465916259089512               ,
-0.00045744412907934562              ,
-0.010695188964446274                ,
-0.013216037198048281                ,
-0.0063957702299640307               ,
-0.00013608409154611758              ,
-0.00428044309929081                 ,
-0.015298215351468969                ,
-0.018521311040968116                ,
-0.0055364121956218036               ,
 0.013612885367161419                ,
 0.020241523485456315                ,
 0.0096270025056793135               ,
-0.0010217582199720018               ,
 0.0079031649974081394               ,
 0.032178709871222184                ,
 0.043959151600194458                ,
 0.023137054173942205                ,
-0.014922136133015308                ,
-0.032000030060500624                ,
-0.012124022282501905                ,
 0.011826747780626021                ,
-0.011547756287941576                ,
-0.089021065315978462                ,
-0.15618276954763841                 ,
-0.12796320380887499                 ,
 0.014159120454766888                ,
 0.18638594595914626                 ,
 0.26355522094969053                 ,
 0.18638594595914626                 ,
 0.014159120454766888                ,
-0.12796320380887499                 ,
-0.15618276954763841                 ,
-0.089021065315978462                ,
-0.011547756287941576                ,
 0.011826747780626021                ,
-0.012124022282501905                ,
-0.032000030060500624                ,
-0.014922136133015308                ,
 0.023137054173942205                ,
 0.043959151600194458                ,
 0.032178709871222184                ,
 0.0079031649974081394               ,
-0.0010217582199720018               ,
 0.0096270025056793135               ,
 0.020241523485456315                ,
 0.013612885367161419                ,
-0.0055364121956218036               ,
-0.018521311040968116                ,
-0.015298215351468969                ,
-0.00428044309929081                 ,
-0.00013608409154611758              ,
-0.0063957702299640307               ,
-0.013216037198048281                ,
-0.010695188964446274                ,
-0.00045744412907934562              ,
 0.0074465916259089512               ,
 0.0068130965456940301               ,
 0.0015402214858018142               ,
-0.0003884575664786642               ,
 0.0033840770464425114               ,
 0.0077493506422093529               ,
 0.0071160250692684042               ,
 0.0019695928064128419               ,
-0.0024137602064649606               ,
-0.0024924418293866689               ,
-0.000038526855953368822             ,
 0.000823999069526821                ,
-0.0012715176415715927               ,
-0.0038141633229860018               ,
-0.0039019428814242715               ,
-0.0016209129280959347               ,
 0.00049391259457518379              ,
 0.00064706324339188599              ,
-0.00042209138451513087              ,
-0.00079553859022156578              ,
 0.00021769389081304581              ,
 0.0015144626363544768               ,
 0.0017527521569125895               ,
 0.00089019459175441974              ,
 0.0000025353981095629624            ,
-0.000084011966732336915             ,
 0.00038079241114534121              ,
 0.00057259780017470047              ,
 0.00011625762497102465              ,
-0.00056509455569376979              ,
-0.00082072860603144319              ,
-0.00050303359291331421              ,
-0.000069386743827796804             