-0.00010746604156800002              ,
-0.000018285822044089797             ,
 0.000070302726683560391             ,
 0.00014115926910907131              ,
 0.00017539337812923797              ,
 0.0001533327541095354               ,
 0.000056704841844720071             ,
-0.00012797629487215162              ,
-0.00040522926963633714              ,
-0.00076641934459937156              ,
-0.0011866086690559582               ,
-0.0016235324456449238               ,
-0.0020195885613246488               ,
-0.0023072799164312085               ,
-0.00241791182091435                 ,
-0.0022926266375237268               ,
-0.0018941911207708837               ,
-0.0012174831263323121               ,
-0.00029647810030919902              ,
 0.00079420993779667564              ,
 0.0019445120891220674               ,
 0.003021079548300388                ,
 0.0038854958973570585               ,
 0.0044163385000169997               ,
 0.0045318737875786894               ,
 0.0042095623991234487               ,
 0.0034985217133250506               ,
 0.0025217252120609229               ,
 0.0014659854443968431               ,
 0.00055953386115540705              ,
 0.000039040768494837705             ,
 0.00010990676291879894              ,
 0.00090527237529908731              ,
 0.0024501309877740973               ,
 0.0046369658878914945               ,
 0.0072183624661997002               ,
 0.0098201176172774494               ,
 0.011975682054363538                ,
 0.013179665428485829                ,
 0.012955041256282076                ,
 0.010926075991383314                ,
 0.0068873071452946796               ,
 0.00085843945160950989              ,
-0.006884013948148646                ,
-0.015805172302729674                ,
-0.025143633928351457                ,
-0.033975806972857271                ,
-0.041307362232872                   ,
-0.046182420224456198                ,
-0.047798058397819553                ,
-0.045610172970876037                ,
-0.03941694598835143                 ,
-0.02940821205005659                 ,
-0.016172700331335329                ,
-0.00066002252019979363              ,
 0.015900219249900926                ,
 0.032114426935751242                ,
 0.046563738586988354                ,
 0.057949985955887712                ,
 0.065232104683053446                ,
 0.067737049518954165                ,
 0.065232104683053446                ,
 0.057949985955887712                ,
 0.046563738586988354                ,
 0.032114426935751242                ,
 0.015900219249900926                ,
-0.00066002252019979363              ,
-0.016172700331335329                ,
-0.02940821205005659                 ,
-0.03941694598835143                 ,
-0.045610172970876037                ,
-0.047798058397819553                ,
-0.046182420224456198                ,
-0.041307362232872                   ,
-0.033975806972857271                ,
-0.025143633928351457                ,
-0.015805172302729674                ,
-0.006884013948148646                ,
 0.00085843945160950989              ,
 0.0068873071452946796               ,
 0.010926075991383314                ,
 0.012955041256282076                ,
 0.013179665428485829                ,
 0.011975682054363538                ,
 0.0098201176172774494               ,
 0.0072183624661997002               ,
 0.0046369658878914945               ,
 0.0024501309877740973               ,
 0.00090527237529908731              ,
 0.00010990676291879894              ,
 0.000039040768494837705             ,
 0.00055953386115540705              ,
 0.0014659854443968431               ,
 0.0025217252120609229               ,
 0.0034985217133250506               ,
 0.0042095623991234487               ,
 0.0045318737875786894               ,
 0.0044163385000169997               ,
 0.0038854958973570585               ,
 0.003021079548300388                ,
 0.0019445120891220674               ,
 0.00079420993779667564              ,
-0.00029647810030919902              ,
-0.0012174831263323121               ,
-0.0018941911207708837               ,
-0.0022926266375237268               ,
-0.00241791182091435                 ,
-0.0023072799164312085               ,
-0.0020195885613246488               ,
-0.0016235324456449238               ,
-0.0011866086690559582               ,
-0.00076641934459937156              ,
-0.00040522926963633714              ,
-0.00012797629487215162              ,
 0.000056704841844720071             ,
 0.0001533327541095354               ,
 0.00017539337812923797              ,
 0.00014115926910907131              ,
 0.000070302726683560391             ,
-0.000018285822044089797             ,
-0.00010746604156800002