 0.00067373785211926663              ,
 0.00025869376431023999              ,
-0.0001295726768729639               ,
 0.000048689712088145456             ,
-0.00088561532511823623              ,
 0.00023809660992232638              ,
 0.00087597592926036319              ,
-0.00020531781480131179              ,
 0.00032512211549460922              ,
-0.00098460971026415414              ,
-0.00088813657893226387              ,
 0.0016307451392824062               ,
 0.00017452926318504937              ,
 0.00036847652553605859              ,
-0.00028461786853896886              ,
-0.0028112215492834642               ,
 0.001466479360991538                ,
 0.0016566656104532226               ,
 0.00000000000000001309              ,
 0.0013890172121240787               ,
-0.0042069275497975053               ,
-0.001282477516571702                ,
 0.0040096159066121189               ,
-0.000085567644860486586             ,
 0.0029532509589363059               ,
-0.0027275961667638502               ,
-0.0068895085233705274               ,
 0.004857342548203903                ,
 0.0017337982326523795               ,
 0.0027743833397504388               ,
 0.002732510744320574                ,
-0.012224984887180976                ,
 0.00028873170610146741              ,
 0.0061460752772027139               ,
 0.000816751313133403                ,
 0.0098669909283874684               ,
-0.011292910408189256                ,
-0.011823516206284529                ,
 0.01015891811074781                 ,
-0.00000000000000001818              ,
 0.013515446438601496                ,
 0.00096598284774720284              ,
-0.027717748529841758                ,
 0.0061566356474071771               ,
 0.0044989087651674722               ,
 0.009394539109448723                ,
 0.024251982710946494                ,
-0.036041072348323426                ,
-0.016052736624509834                ,
 0.015220132363312744                ,
-0.0018158998277153873               ,
 0.052430892183468601                ,
-0.017487440280907228                ,
-0.070370339009678068                ,
 0.024148513833505001                ,
-0.013874645261087911                ,
 0.084035482430462258                ,
 0.09904230768975042                 ,
-0.27919141295127192                 ,
-0.059728123198808457                ,
 0.38101267484526707                 ,
-0.059728123198808457                ,
-0.27919141295127192                 ,
 0.09904230768975042                 ,
 0.084035482430462258                ,
-0.013874645261087911                ,
 0.024148513833505001                ,
-0.070370339009678068                ,
-0.017487440280907228                ,
 0.052430892183468601                ,
-0.0018158998277153873               ,
 0.015220132363312744                ,
-0.016052736624509834                ,
-0.036041072348323426                ,
 0.024251982710946494                ,
 0.009394539109448723                ,
 0.0044989087651674722               ,
 0.0061566356474071771               ,
-0.027717748529841758                ,
 0.00096598284774720284              ,
 0.013515446438601496                ,
-0.00000000000000001818              ,
 0.01015891811074781                 ,
-0.011823516206284529                ,
-0.011292910408189256                ,
 0.0098669909283874684               ,
 0.000816751313133403                ,
 0.0061460752772027139               ,
 0.00028873170610146741              ,
-0.012224984887180976                ,
 0.002732510744320574                ,
 0.0027743833397504388               ,
 0.0017337982326523795               ,
 0.004857342548203903                ,
-0.0068895085233705274               ,
-0.0027275961667638502               ,
 0.0029532509589363059               ,
-0.000085567644860486586             ,
 0.0040096159066121189               ,
-0.001282477516571702                ,
-0.0042069275497975053               ,
 0.0013890172121240787               ,
 0.000000000000000013098             ,
 0.0016566656104532226               ,
 0.001466479360991538                ,
-0.0028112215492834642               ,
-0.00028461786853896886              ,
 0.00036847652553605859              ,
 0.00017452926318504937              ,
 0.0016307451392824062               ,
-0.00088813657893226387              ,
-0.00098460971026415414              ,
 0.00032512211549460922              ,
-0.00020531781480131179              ,
 0.00087597592926036319              ,
 0.00023809660992232638              ,
-0.00088561532511823623              ,
 0.000048689712088145456             ,
-0.0001295726768729639               ,
 0.00025869376431023999              ,
 0.00067373785211926663