 0.00023698622228930544              ,
 0.0000025628203395596915            ,
-0.00042850184140397028              ,
 0.00080600772396029175              ,
-0.00090850598167793414              ,
 0.00067009085531902896              ,
-0.00025908908134460157              ,
 0.0000038953688187943172            ,
-0.00018459256357884076              ,
 0.00080802432003083046              ,
-0.001533871097140324                ,
 0.0018513680774952176               ,
-0.001434946890063142                ,
 0.00044224333988149224              ,
 0.00049963738837171504              ,
-0.00068661316998765718              ,
-0.0001153371831258935               ,
 0.001372888213193731                ,
-0.0020346489475598019               ,
 0.0012494557568158318               ,
 0.00091887830815880786              ,
-0.0033510456952213896               ,
 0.0045357150509429123               ,
-0.0036723344758143573               ,
 0.0014280827860233191               ,
 0.00031307933692430618              ,
 0.00029933284626872065              ,
-0.0036279032613723483               ,
 0.0079861265555440739               ,
-0.010563744120559871                ,
 0.0093784356973965512               ,
-0.0049206285863135002               ,
 0.00017356016110842842              ,
 0.0012739003891176282               ,
 0.0021145912883528831               ,
-0.0083016104844001737               ,
 0.012633026302198213                ,
-0.010938329859800207                ,
 0.002760334451399088                ,
 0.0077088773429631078               ,
-0.014051130609639622                ,
 0.012106238327634859                ,
-0.0034732518642398855               ,
-0.0047493580769443914               ,
 0.004391094479306701                ,
 0.0078188175249371324               ,
-0.026912823673165741                ,
 0.041885781723183586                ,
-0.042760085397902284                ,
 0.028198868242060131                ,
-0.0082430490198124439               ,
-0.00068602822415842792              ,
-0.013575142065891128                ,
 0.048982522148134817                ,
-0.086893064932560882                ,
 0.10012995811669737                 ,
-0.068031555036833419                ,
-0.009862134411631085                ,
 0.10993842753472                    ,
-0.19378702907456336                 ,
 0.22642062903538704                 ,
-0.19378702907456336                 ,
 0.10993842753472                    ,
-0.009862134411631085                ,
-0.068031555036833419                ,
 0.10012995811669737                 ,
-0.086893064932560882                ,
 0.048982522148134817                ,
-0.013575142065891128                ,
-0.00068602822415842792              ,
-0.0082430490198124439               ,
 0.028198868242060131                ,
-0.042760085397902284                ,
 0.041885781723183586                ,
-0.026912823673165741                ,
 0.0078188175249371324               ,
 0.004391094479306701                ,
-0.0047493580769443914               ,
-0.0034732518642398855               ,
 0.012106238327634859                ,
-0.014051130609639622                ,
 0.0077088773429631078               ,
 0.002760334451399088                ,
-0.010938329859800207                ,
 0.012633026302198213                ,
-0.0083016104844001737               ,
 0.0021145912883528831               ,
 0.0012739003891176282               ,
 0.00017356016110842842              ,
-0.0049206285863135002               ,
 0.0093784356973965512               ,
-0.010563744120559871                ,
 0.0079861265555440739               ,
-0.0036279032613723483               ,
 0.00029933284626872065              ,
 0.00031307933692430618              ,
 0.0014280827860233191               ,
-0.0036723344758143573               ,
 0.0045357150509429123               ,
-0.0033510456952213896               ,
 0.00091887830815880786              ,
 0.0012494557568158318               ,
-0.0020346489475598019               ,
 0.001372888213193731                ,
-0.0001153371831258935               ,
-0.00068661316998765718              ,
 0.00049963738837171504              ,
 0.00044224333988149224              ,
-0.001434946890063142                ,
 0.0018513680774952176               ,
-0.001533871097140324                ,
 0.00080802432003083046              ,
-0.00018459256357884076              ,
 0.0000038953688187943172            ,
-0.00025908908134460157              ,
 0.00067009085531902896              ,
-0.00090850598167793414              ,
 0.00080600772396029175              ,
-0.00042850184140397028              ,
 0.0000025628203395596915            ,
 0.00023698622228930544